Matriz a operar:
    43    59    51    50    39    54
    59   118   103   101    61    97
    51   103   121    93    56   102
    50   101    93   111    69    99
    39    61    56    69    77    86
    54    97   102    99    86   134

 
Ejercicio 3_A (CHOLESKY) --> L es traspuesta de U:
	Lower (Triangulo inferior):
    6.5574         0         0         0         0         0
    8.9974    6.0866         0         0         0         0
    7.7774    5.4256    5.5745         0         0         0
    7.6249    5.3224    0.8647    4.8769         0         0
    5.9474    1.2303    0.5506    3.4093    5.3092         0
    8.2349    3.7635    3.1454    2.7596    4.0030    4.2998

	Upper (Triangulo superior):
    6.5574    8.9974    7.7774    7.6249    5.9474    8.2349
         0    6.0866    5.4256    5.3224    1.2303    3.7635
         0         0    5.5745    0.8647    0.5506    3.1454
         0         0         0    4.8769    3.4093    2.7596
         0         0         0         0    5.3092    4.0030
         0         0         0         0         0    4.2998

Ejercicio 3_B (QR):
 -121.9344 -224.8668 -219.6509 -216.8297 -157.6995 -236.0859
    0.3577  -27.9271  -33.5448  -25.5022    6.6742  -10.4956
    0.3092    0.3430  -25.8503   -0.3366   -5.1853  -22.0286
    0.3032    0.3367   -0.0490  -23.8204  -32.7248  -29.6588
    0.2365   -0.1379   -0.0508    0.2345  -21.2723  -21.9347
    0.3274    0.0915    0.1969    0.2015    0.3179   13.7564

Ejercicio 3_C (SVD):
Valores U
   -0.2442    0.0505   -0.2963    0.7056    0.1093    0.5832
   -0.4552    0.4060   -0.3577    0.1981   -0.3498   -0.5817
   -0.4483    0.4521    0.5873   -0.0173    0.4995   -0.0012
   -0.4422    0.0544   -0.4346   -0.6736    0.0426    0.3963
   -0.3215   -0.6568   -0.1869    0.0889    0.5279   -0.3791
   -0.4831   -0.4403    0.4642    0.0301   -0.5794    0.1439

Valores S
  495.2079         0         0         0         0         0
         0   49.6871         0         0         0         0
         0         0   26.4970         0         0         0
         0         0         0   17.7924         0         0
         0         0         0         0    8.8150         0
         0         0         0         0         0    6.0007

Valores VT
   -0.2442    0.0505   -0.2963    0.7056    0.1093    0.5832
   -0.4552    0.4060   -0.3577    0.1981   -0.3498   -0.5817
   -0.4483    0.4521    0.5873   -0.0173    0.4995   -0.0012
   -0.4422    0.0544   -0.4346   -0.6736    0.0426    0.3963
   -0.3215   -0.6568   -0.1869    0.0889    0.5279   -0.3791
   -0.4831   -0.4403    0.4642    0.0301   -0.5794    0.1439

Ejercicio 3_D (Autovalores y Autovectores):
Autovalores
    6.0007         0         0         0         0         0
         0    8.8150         0         0         0         0
         0         0   17.7924         0         0         0
         0         0         0   26.4970         0         0
         0         0         0         0   49.6871         0
         0         0         0         0         0  495.2079

Autovectores
    0.5832   -0.1093    0.7056   -0.2963    0.0505    0.2442
   -0.5817    0.3498    0.1981   -0.3577    0.4060    0.4552
   -0.0012   -0.4995   -0.0173    0.5873    0.4521    0.4483
    0.3963   -0.0426   -0.6736   -0.4346    0.0544    0.4422
   -0.3791   -0.5279    0.0889   -0.1869   -0.6568    0.3215
    0.1439    0.5794    0.0301    0.4642   -0.4403    0.4831