Matriz a operar:
                43.000000       59.000000       51.000000       50.000000       39.000000       54.000000
                59.000000       118.000000      103.000000      101.000000      61.000000       97.000000
                51.000000       103.000000      121.000000      93.000000       56.000000       102.000000
                50.000000       101.000000      93.000000       111.000000      69.000000       99.000000
                39.000000       61.000000       56.000000       69.000000       77.000000       86.000000
                54.000000       97.000000       102.000000      99.000000       86.000000       134.000000



Ejercicio 3_A (CHOLESKY) --> L es traspuesta de U:
        Lower (Triangulo inferior se sobreescribe):
                6.557438        59.000000       51.000000       50.000000       39.000000       54.000000
                8.997416        6.086585        103.000000      101.000000      61.000000       97.000000
                7.777427        5.425581        5.574469        93.000000       56.000000       102.000000
                7.624928        5.322418        0.864740        4.876942        69.000000       99.000000
                5.947444        1.230308        0.550554        3.409281        5.309231        86.000000
                8.234923        3.763519        3.145449        2.759574        4.003039        4.299830

        Upper (Triangulo superior se sobreescribe):
                6.557438        8.997416        7.777427        7.624928        5.947444        8.234923
                59.000000       6.086585        5.425581        5.322419        1.230307        3.763518
                51.000000       103.000000      5.574469        0.864739        0.550555        3.145450
                50.000000       101.000000      93.000000       4.876941        3.409281        2.759575
                39.000000       61.000000       56.000000       69.000000       5.309231        4.003038
                54.000000       97.000000       102.000000      99.000000       86.000000       4.299830



Ejercicio 3_B (QR):
                -121.93441      -224.86679      -219.65088      -216.82968      -157.69954      -236.08594
                0.357718        -27.92712       -33.54484       -25.50219       6.674154        -10.49555
                0.309214        0.343026        -25.85025       -0.33661        -5.18530        -22.02856
                0.303151        0.336742        -0.04898        -23.82039       -32.72483       -29.65879
                0.236458        -0.13795        -0.05082        0.234545        -21.27226       -21.93470
                0.327403        0.091504        0.196894        0.201525        0.317897        13.756382



Ejercicio 3_C (SVD):
                -121.93441      475.849152      0.313466        0.309440        0.225055        0.336921
                0.357718        64.657166       14.362642       0.234506        0.149826        0.563965
                0.309214        0.472330        26.570744       -34.82878       -0.67260        -0.45224
                0.303151        0.482530        -0.03891        -24.18193       19.244274       0.287835
                0.236458        0.208068        0.511615        0.866268        -13.89727       -1.22119
                0.327403        0.559492        0.776358        0.326217        0.126652        8.715988

                Vector U:
                -0.24424        0.050526        -0.29633        0.705593        0.109307        0.583241

                Vector S:
                495.207855      49.687111       26.496979       17.792408       8.814966        6.000684

                Vector VT:
                -0.24424        -0.45520        -0.44825        -0.44216        -0.32148        -0.48306



Ejercicio 3_D (Autovalores y Autovectores):
        Lower (Triangulo inferior se sobreescribe):
          Autovectores:
                -0.58324        -0.10930        -0.70559        0.296333        -0.05053        0.244244
                0.581681        0.349831        -0.19813        0.357734        -0.40599        0.455202
                0.001150        -0.49947        0.017308        -0.58730        -0.45209        0.448250
                -0.39627        -0.04255        0.673636        0.434637        -0.05443        0.442158
                0.379127        -0.52793        -0.08886        0.186897        0.656791        0.321485
                -0.14390        0.579378        -0.03006        -0.46417        0.440341        0.483064

          Autovalores:
                6.000666        8.814948        17.792391       26.496971       49.687096       495.207825

        Upper (Triangulo superior se sobreescribe):
          Autovectores:
                0.583241        -0.10931        0.705593        -0.29633        0.050526        0.244244
                -0.58168        0.349835        0.198127        -0.35773        0.405991        0.455202
                -0.00115        -0.49947        -0.01731        0.587296        0.452085        0.448250
                0.396268        -0.04255        -0.67364        -0.43464        0.054427        0.442158
                -0.37913        -0.52793        0.088861        -0.18690        -0.65679        0.321485
                0.143909        0.579377        0.030060        0.464174        -0.44034        0.483064

          Autovalores:
                6.000679        8.814987        17.792402       26.496979       49.687115       495.207855